1.000000000000000000e+00,4.893434495182242411e-02
1.004004004004003914e+00,4.997251812731212661e-02
1.008008008008008050e+00,5.102745133708481290e-02
1.012012012012011963e+00,5.209899116246341499e-02
1.016016016016016099e+00,5.318732307894651762e-02
1.020020020020020013e+00,5.429263248687429821e-02
1.024024024024023927e+00,5.541510456980210803e-02
1.028028028028028062e+00,5.655492415613570106e-02
1.032032032032031976e+00,5.771227551388550397e-02
1.036036036036036112e+00,5.888841022084562171e-02
1.040040040040040026e+00,6.008258659162975940e-02
1.044044044044043940e+00,6.129494499118295914e-02
1.048048048048048075e+00,6.252567052207416709e-02
1.052052052052051989e+00,6.377494702396267756e-02
1.056056056056056125e+00,6.504358678678551220e-02
1.060060060060060039e+00,6.633209889851200691e-02
1.064064064064063952e+00,6.763982615029619228e-02
1.068068068068068088e+00,6.896695064668613429e-02
1.072072072072072002e+00,7.031365230576508418e-02
1.076076076076076138e+00,7.168160502670993528e-02
1.080080080080080052e+00,7.307004118152579664e-02
1.084084084084083965e+00,7.447872462537470650e-02
1.088088088088088101e+00,7.590783039244577979e-02
1.092092092092092015e+00,7.735911172726556151e-02
1.096096096096096151e+00,7.883202089444703298e-02
1.100100100100100065e+00,8.032602298032977262e-02
1.104104104104104200e+00,8.184128529732613566e-02
1.108108108108108114e+00,8.338062171648080723e-02
1.112112112112112028e+00,8.494179760915611388e-02
1.116116116116116164e+00,8.652489810908960133e-02
1.120120120120120077e+00,8.813175058670369433e-02
1.124124124124124213e+00,8.976240085346555431e-02
1.128128128128128127e+00,9.141563462596047351e-02
1.132132132132132041e+00,9.309275700848039514e-02
1.136136136136136177e+00,9.479519685334210355e-02
1.140140140140140090e+00,9.652086956110998706e-02
1.144144144144144226e+00,9.827109726786208144e-02
1.148148148148148140e+00,1.000476470726547190e-01
1.152152152152152276e+00,1.018480650452887465e-01
1.156156156156156189e+00,1.036743125796637105e-01
1.160160160160160103e+00,1.055272874235817920e-01
1.164164164164164239e+00,1.074047467934925587e-01
1.168168168168168153e+00,1.093100046877296116e-01
1.172172172172172289e+00,1.112417028335468960e-01
1.176176176176176202e+00,1.131986733633107978e-01
1.180180180180180116e+00,1.151858087690405541e-01
1.184184184184184252e+00,1.171984990777719671e-01
1.188188188188188166e+00,1.192395575280932735e-01
1.192192192192192302e+00,1.213093636247781215e-01
1.196196196196196215e+00,1.234054683221447041e-01
1.200200200200200129e+00,1.255335944307469642e-01
1.204204204204204265e+00,1.276882791097185554e-01
1.208208208208208179e+00,1.298737371259245099e-01
1.212212212212212314e+00,1.320883964000275634e-01
1.216216216216216228e+00,1.343323575155316862e-01
1.220220220220220142e+00,1.366081886915503640e-01
1.224224224224224278e+00,1.389120389427345170e-01
1.228228228228228192e+00,1.412502365742959454e-01
1.232232232232232327e+00,1.436163169855101673e-01
1.236236236236236241e+00,1.460171335992200004e-01
1.240240240240240155e+00,1.484471693258836711e-01
1.244244244244244291e+00,1.509114832989304766e-01
1.248248248248248204e+00,1.534066420033980138e-01
1.252252252252252340e+00,1.559358961840289493e-01
1.256256256256256254e+00,1.584973348070191357e-01
1.260260260260260168e+00,1.610929865299647601e-01
1.264264264264264304e+00,1.637218489454646264e-01
1.268268268268268217e+00,1.663853690100980665e-01
1.272272272272272353e+00,1.690827835956876246e-01
1.276276276276276267e+00,1.718156552377448076e-01
1.280280280280280181e+00,1.745827323354384175e-01
1.284284284284284317e+00,1.773864500940992572e-01
1.288288288288288230e+00,1.802242794175859253e-01
1.292292292292292366e+00,1.831003479631266861e-01
1.296296296296296280e+00,1.860099958996305480e-01
1.300300300300300194e+00,1.889599288182771675e-01
1.304304304304304329e+00,1.919424356492848427e-01
1.308308308308308243e+00,1.949677541654091517e-01
1.312312312312312379e+00,1.980262891513084600e-01
1.316316316316316293e+00,2.011263628513101365e-01
1.320320320320320207e+00,2.042625332640314317e-01
1.324324324324324342e+00,2.074382667692330762e-01
1.328328328328328256e+00,2.106536107096446953e-01
1.332332332332332392e+00,2.139059464126423782e-01
1.336336336336336306e+00,2.172020049736483882e-01
1.340340340340340219e+00,2.205337783395427131e-01
1.344344344344344355e+00,2.239101620843035045e-01
1.348348348348348269e+00,2.273249332901319253e-01
1.352352352352352405e+00,2.307804859038559142e-01
1.356356356356356319e+00,2.342798014330358114e-01
1.360360360360360232e+00,2.378166384746930040e-01
1.364364364364364368e+00,2.414007374260966898e-01
1.368368368368368504e+00,2.450244134654592509e-01
1.372372372372372418e+00,2.486900423645757030e-01
1.376376376376376331e+00,2.524021004048745964e-01
1.380380380380380245e+00,2.561535104027253262e-01
1.384384384384384381e+00,2.599519356095847944e-01
1.388388388388388517e+00,2.637940214499307490e-01
1.392392392392392431e+00,2.676765460508072070e-01
1.396396396396396344e+00,2.716103816789579573e-01
1.400400400400400258e+00,2.755858720389560146e-01
1.404404404404404394e+00,2.796046807770897202e-01
1.408408408408408530e+00,2.836746570061478567e-01
1.412412412412412444e+00,2.877869254581145730e-01
1.416416416416416357e+00,2.919448998706453136e-01
1.420420420420420493e+00,2.961539223240807206e-01
1.424424424424424407e+00,3.004063331011463389e-01
1.428428428428428543e+00,3.047057821156276547e-01
1.432432432432432456e+00,3.090571985588643211e-01
1.436436436436436370e+00,3.134531001847402076e-01
1.440440440440440506e+00,3.178962045013696280e-01
1.444444444444444420e+00,3.223933421336288574e-01
1.448448448448448556e+00,3.269360608035602467e-01
1.452452452452452469e+00,3.315248609677122205e-01
1.456456456456456383e+00,3.361710197555758395e-01
1.460460460460460519e+00,3.408638526450376571e-01
1.464464464464464433e+00,3.456036973841963289e-01
1.468468468468468568e+00,3.503986828238392359e-01
1.472472472472472482e+00,3.552448912048407070e-01
1.476476476476476396e+00,3.601391995202419261e-01
1.480480480480480532e+00,3.650845414876147110e-01
1.484484484484484446e+00,3.700873437021230394e-01
1.488488488488488581e+00,3.751393269453802692e-01
1.492492492492492495e+00,3.802408277518272706e-01
1.496496496496496409e+00,3.853991028098953664e-01
1.500500500500500545e+00,3.906119203742994261e-01
1.504504504504504458e+00,3.958753261237197285e-01
1.508508508508508594e+00,4.011896548594374168e-01
1.512512512512512508e+00,4.065645123259702953e-01
1.516516516516516422e+00,4.119929118349266450e-01
1.520520520520520558e+00,4.174732913363687903e-01
1.524524524524524471e+00,4.230059830423475997e-01
1.528528528528528607e+00,4.286007142883844767e-01
1.532532532532532521e+00,4.342501510154194722e-01
1.536536536536536435e+00,4.399529401036676446e-01
1.540540540540540571e+00,4.457094103026884024e-01
1.544544544544544484e+00,4.515269171430758566e-01
1.548548548548548620e+00,4.574027158683922623e-01
1.552552552552552534e+00,4.633332157425398279e-01
1.556556556556556448e+00,4.693187411420323696e-01
1.560560560560560583e+00,4.753615045863845978e-01
1.564564564564564719e+00,4.814688403102759806e-01
1.568568568568568633e+00,4.876321982134179112e-01
1.572572572572572547e+00,4.938518974112722226e-01
1.576576576576576461e+00,5.001282559619882884e-01
1.580580580580580596e+00,5.064658255930741815e-01
1.584584584584584732e+00,5.128670155200392156e-01
1.588588588588588646e+00,5.193258296391897177e-01
1.592592592592592560e+00,5.258425796494911042e-01
1.596596596596596473e+00,5.324175759783141837e-01
1.600600600600600609e+00,5.390537560435643138e-01
1.604604604604604745e+00,5.457564296053312169e-01
1.608608608608608659e+00,5.525182776458094080e-01
1.612612612612612573e+00,5.593396031098177845e-01
1.616616616616616486e+00,5.662207074380928296e-01
1.620620620620620622e+00,5.731618905234443506e-01
1.624624624624624758e+00,5.801698775881396486e-01
1.628628628628628672e+00,5.872419761291074458e-01
1.632632632632632586e+00,5.943750330758009737e-01
1.636636636636636499e+00,6.015693395494400297e-01
1.640640640640640635e+00,6.088251848750368955e-01
1.644644644644644771e+00,6.161428565595726825e-01
1.648648648648648685e+00,6.235268975608539987e-01
1.652652652652652598e+00,6.309784324521224841e-01
1.656656656656656512e+00,6.384926182993398980e-01
1.660660660660660648e+00,6.460697325576197914e-01
1.664664664664664784e+00,6.537100506236760422e-01
1.668668668668668698e+00,6.614138457815977867e-01
1.672672672672672611e+00,6.691813891860990404e-01
1.676676676676676525e+00,6.770169282907160246e-01
1.680680680680680661e+00,6.849214545504133111e-01
1.684684684684684797e+00,6.928904831289344202e-01
1.688688688688688710e+00,7.009242737042038485e-01
1.692692692692692624e+00,7.090230835820788835e-01
1.696696696696696538e+00,7.171871676514117722e-01
1.700700700700700674e+00,7.254167783565329541e-01
1.704704704704704810e+00,7.337121656463168051e-01
1.708708708708708723e+00,7.420758147636901114e-01
1.712712712712712637e+00,7.505112719841701141e-01
1.716716716716716551e+00,7.590131710147861588e-01
1.720720720720720687e+00,7.675817488149875301e-01
1.724724724724724823e+00,7.762172396332870372e-01
1.728728728728728736e+00,7.849198749689829668e-01
1.732732732732732650e+00,7.936898835490883153e-01
1.736736736736736786e+00,8.025274912715453235e-01
1.740740740740740700e+00,8.114329211779773843e-01
1.744744744744744835e+00,8.204063934063371422e-01
1.748748748748748749e+00,8.294490611490102916e-01
1.752752752752752663e+00,8.385657333120174473e-01
1.756756756756756799e+00,8.477509914747805020e-01
1.760760760760760713e+00,8.570050410653994311e-01
1.764764764764764848e+00,8.663280844242350343e-01
1.768768768768768762e+00,8.757203207706082404e-01
1.772772772772772676e+00,8.851819461636615261e-01
1.776776776776776812e+00,8.947131534744098280e-01
1.780780780780780725e+00,9.043141323493046890e-01
1.784784784784784861e+00,9.139850691799172866e-01
1.788788788788788775e+00,9.237261470663956642e-01
1.792792792792792689e+00,9.335375457876247118e-01
1.796796796796796825e+00,9.434194417694565793e-01
1.800800800800800738e+00,9.533720080549917819e-01
1.804804804804804874e+00,9.633954142685682287e-01
1.808808808808808788e+00,9.734915569217558184e-01
1.812812812812812702e+00,9.836612814118125270e-01
1.816816816816816837e+00,9.939021895518208582e-01
1.820820820820820973e+00,1.004214434101600828e+00
1.824824824824824887e+00,1.014598164261174773e+00
1.828828828828828801e+00,1.025053525629175288e+00
1.832832832832832715e+00,1.035580660185331903e+00
1.836836836836836850e+00,1.046179706267305054e+00
1.840840840840840986e+00,1.056850798515395651e+00
1.844844844844844900e+00,1.067594067898089527e+00
1.848848848848848814e+00,1.078409641647134043e+00
1.852852852852852727e+00,1.089297643248302361e+00
1.856856856856856863e+00,1.100258192412892910e+00
1.860860860860860999e+00,1.111291405057265314e+00
1.864864864864864913e+00,1.122397393283546263e+00
1.868868868868868827e+00,1.133576265350310308e+00
1.872872872872872740e+00,1.144828125649881123e+00
1.876876876876876876e+00,1.156153074705742023e+00
1.880880880880881012e+00,1.167551209130836209e+00
1.884884884884884926e+00,1.179022621612895172e+00
1.888888888888888840e+00,1.190567400903758122e+00
1.892892892892892753e+00,1.202185631792054288e+00
1.896896896896896889e+00,1.213877395096651046e+00
1.900900900900901025e+00,1.225642767634641084e+00
1.904904904904904939e+00,1.237481822211785598e+00
1.908908908908908852e+00,1.249394627613261921e+00
1.912912912912912766e+00,1.261381248571236791e+00
1.916916916916916902e+00,1.273441745771370259e+00
1.920920920920921038e+00,1.285576175829913570e+00
1.924924924924924952e+00,1.297784591271491594e+00
1.928928928928928865e+00,1.310067040527193916e+00
1.932932932932932779e+00,1.322423567919535081e+00
1.936936936936936915e+00,1.334854213651547106e+00
1.940940940940941051e+00,1.347359013795889737e+00
1.944944944944944965e+00,1.359938000285690007e+00
1.948948948948948878e+00,1.372591200900486363e+00
1.952952952952952792e+00,1.385318639262536289e+00
1.956956956956956928e+00,1.398120334836649326e+00
1.960960960960961064e+00,1.410996302905841882e+00
1.964964964964964977e+00,1.423946554572673051e+00
1.968968968968968891e+00,1.436971096759783739e+00
1.972972972972972805e+00,1.450069932197690870e+00
1.976976976976976941e+00,1.463243059418632308e+00
1.980980980980981077e+00,1.476490472761265771e+00
1.984984984984984990e+00,1.489812162362188053e+00
1.988988988988988904e+00,1.503208114150051289e+00
1.992992992992993040e+00,1.516679492791387140e+00
1.996996996996996954e+00,1.530229391870381983e+00
2.001001001001001089e+00,1.543853759695950290e+00
2.005005005005005003e+00,1.557552567878865757e+00
2.009009009009008917e+00,1.571325783806023502e+00
2.013013013013012831e+00,1.585173370634778367e+00
2.017017017017017189e+00,1.599095287300003720e+00
2.021021021021021102e+00,1.613091488516563698e+00
2.025025025025025016e+00,1.627161924781955316e+00
2.029029029029028930e+00,1.641306542379135758e+00
2.033033033033032844e+00,1.655525283395638425e+00
2.037037037037037202e+00,1.669818085707880817e+00
2.041041041041041115e+00,1.684184882985502840e+00
2.045045045045045029e+00,1.698625604734131267e+00
2.049049049049048943e+00,1.713140176268928672e+00
2.053053053053052857e+00,1.727728518738084196e+00
2.057057057057057214e+00,1.742391983623580165e+00
2.061061061061061128e+00,1.757137131742213754e+00
2.065065065065065042e+00,1.771956100028841519e+00
2.069069069069068956e+00,1.786848795147163882e+00
2.073073073073072869e+00,1.801815119622744987e+00
2.077077077077077227e+00,1.816854971838041566e+00
2.081081081081081141e+00,1.831968246066322470e+00
2.085085085085085055e+00,1.847154832464832142e+00
2.089089089089088969e+00,1.862414617091641800e+00
2.093093093093092882e+00,1.877747481935883256e+00
2.097097097097097240e+00,1.893153304924518610e+00
2.101101101101101154e+00,1.908631959941148315e+00
2.105105105105105068e+00,1.924191765736847692e+00
2.109109109109109426e+00,1.939828433019053833e+00
2.113113113113112895e+00,1.955537864042700358e+00
2.117117117117117253e+00,1.971319918427072437e+00
2.121121121121121167e+00,1.987174451788656926e+00
2.125125125125125081e+00,2.003101315792776393e+00
2.129129129129129439e+00,2.019100358160674347e+00
2.133133133133132908e+00,2.035171422680658093e+00
2.137137137137137266e+00,2.051314349247239210e+00
2.141141141141141180e+00,2.067531587124724179e+00
2.145145145145145094e+00,2.083832920867446425e+00
2.149149149149149451e+00,2.100205962405335303e+00
2.153153153153152921e+00,2.116650537681716404e+00
2.157157157157157279e+00,2.133166468821586115e+00
2.161161161161161193e+00,2.149753574154696256e+00
2.165165165165165106e+00,2.166411668246135847e+00
2.169169169169169464e+00,2.183140561925091649e+00
2.173173173173172934e+00,2.199940062306081412e+00
2.177177177177177292e+00,2.216824671973692151e+00
2.181181181181181206e+00,2.233782539662323874e+00
2.185185185185185119e+00,2.250810775321882229e+00
2.189189189189189477e+00,2.267909172592770251e+00
2.193193193193192947e+00,2.285077521509302656e+00
2.197197197197197305e+00,2.302315608533469948e+00
2.201201201201201219e+00,2.319623216587840542e+00
2.205205205205205132e+00,2.337006240513724631e+00
2.209209209209209490e+00,2.354471912442285930e+00
2.213213213213212960e+00,2.372006803518867724e+00
2.217217217217217318e+00,2.389610683626472554e+00
2.221221221221221231e+00,2.407283319228308294e+00
2.225225225225225145e+00,2.425024473403398773e+00
2.229229229229229503e+00,2.442833905883281087e+00
2.233233233233232973e+00,2.460719445579869102e+00
2.237237237237237331e+00,2.478686390411098284e+00
2.241241241241241244e+00,2.496721250106431977e+00
2.245245245245245158e+00,2.514823771876545155e+00
2.249249249249249516e+00,2.532993699725289982e+00
2.253253253253252986e+00,2.551230774487664110e+00
2.257257257257257343e+00,2.569534733866937426e+00
2.261261261261261257e+00,2.587926337231294394e+00
2.265265265265265171e+00,2.606387012801409497e+00
2.269269269269269529e+00,2.624914149913446959e+00
2.273273273273272999e+00,2.643507474349211961e+00
2.277277277277277356e+00,2.662166708912253377e+00
2.281281281281281270e+00,2.680891573471298361e+00
2.285285285285285184e+00,2.699701697583025251e+00
2.289289289289289542e+00,2.718582431142317901e+00
2.293293293293293011e+00,2.737528322738636888e+00
2.297297297297297369e+00,2.756539080870464176e+00
2.301301301301301283e+00,2.775614411264216930e+00
2.305305305305305197e+00,2.794754016922274875e+00
2.309309309309309555e+00,2.813984262660376601e+00
2.313313313313313024e+00,2.833278722457050591e+00
2.317317317317317382e+00,2.852636938399134348e+00
2.321321321321321296e+00,2.872058602711610842e+00
2.325325325325325210e+00,2.891543405072285022e+00
2.329329329329329568e+00,2.911103940119472266e+00
2.333333333333333037e+00,2.930742661664984983e+00
2.337337337337337395e+00,2.950443964655411921e+00
2.341341341341341309e+00,2.970207528503067351e+00
2.345345345345345223e+00,2.990033030252635005e+00
2.349349349349349581e+00,3.009924370676282379e+00
2.353353353353353050e+00,3.029902749771419934e+00
2.357357357357357408e+00,3.049942473971078538e+00
2.361361361361361322e+00,3.070043210577463100e+00
2.365365365365365236e+00,3.090204624722906690e+00
2.369369369369369593e+00,3.110427111442734205e+00
2.373373373373373063e+00,3.130740256594651161e+00
2.377377377377377421e+00,3.151113451674101729e+00
2.381381381381381335e+00,3.171546352637143240e+00
2.385385385385385248e+00,3.192038613465819186e+00
2.389389389389389606e+00,3.212592410971702339e+00
2.393393393393393076e+00,3.233235154543776968e+00
2.397397397397397434e+00,3.253936597005351317e+00
2.401401401401401348e+00,3.274696383747651485e+00
2.405405405405405261e+00,3.295514158397131244e+00
2.409409409409409619e+00,3.316399253727124741e+00
2.413413413413413089e+00,3.337366163741928293e+00
2.417417417417417447e+00,3.358390368857305575e+00
2.421421421421421361e+00,3.379471504715145347e+00
2.425425425425425274e+00,3.400609205403883006e+00
2.429429429429429632e+00,3.421825407347240944e+00
2.433433433433433102e+00,3.443110799896420549e+00
2.437437437437437460e+00,3.464452034246228607e+00
2.441441441441441373e+00,3.485848737128558472e+00
2.445445445445445287e+00,3.507304242788844562e+00
2.449449449449449645e+00,3.528847472532757212e+00
2.453453453453453115e+00,3.550445424757795010e+00
2.457457457457457473e+00,3.572097719324164533e+00
2.461461461461461386e+00,3.593803974919902000e+00
2.465465465465465300e+00,3.615589759519193702e+00
2.469469469469469658e+00,3.637440935388411845e+00
2.473473473473473572e+00,3.659345298973091243e+00
2.477477477477477485e+00,3.681302462746446569e+00
2.481481481481481399e+00,3.703326623734876311e+00
2.485485485485485313e+00,3.725427419810126040e+00
2.489489489489489671e+00,3.747580222035395980e+00
2.493493493493493585e+00,3.769784637173996256e+00
2.497497497497497498e+00,3.792046631660532352e+00
2.501501501501501412e+00,3.814393339843767716e+00
2.505505505505505326e+00,3.836790847197804499e+00
2.509509509509509684e+00,3.859238755287979217e+00
2.513513513513513598e+00,3.881737967289601077e+00
2.517517517517517511e+00,3.904326779482712340e+00
2.521521521521521425e+00,3.926965160014174838e+00
2.525525525525525339e+00,3.949652705769459704e+00
2.529529529529529697e+00,3.972389013201465868e+00
2.533533533533533610e+00,3.995215459341304065e+00
2.537537537537537524e+00,4.018090787450581125e+00
2.541541541541541438e+00,4.041014023527406351e+00
2.545545545545545352e+00,4.063985531551262298e+00
2.549549549549549710e+00,4.087046751429459057e+00
2.553553553553553623e+00,4.110155012774336925e+00
2.557557557557557537e+00,4.133309904700888104e+00
2.561561561561561451e+00,4.156516346513307703e+00
2.565565565565565365e+00,4.179807694309318755e+00
2.569569569569569722e+00,4.203144790778899242e+00
2.573573573573573636e+00,4.226527221951099200e+00
2.577577577577577550e+00,4.249967692259194685e+00
2.581581581581581464e+00,4.273485008539387842e+00
2.585585585585585378e+00,4.297046763319026574e+00
2.589589589589589735e+00,4.320652540079624515e+00
2.593593593593593649e+00,4.344326062315425396e+00
2.597597597597597563e+00,4.368065112396339877e+00
2.601601601601601477e+00,4.391847275087478408e+00
2.605605605605605390e+00,4.415672131862439009e+00
2.609609609609609748e+00,4.439577658714966901e+00
2.613613613613613662e+00,4.463534137848465200e+00
2.617617617617617576e+00,4.487532389664242949e+00
2.621621621621621934e+00,4.511579711653326719e+00
2.625625625625625403e+00,4.535708408175985973e+00
2.629629629629629761e+00,4.559877946749978150e+00
2.633633633633633675e+00,4.584087905723898793e+00
2.637637637637637589e+00,4.608365289219503502e+00
2.641641641641641947e+00,4.632703978399764999e+00
2.645645645645645416e+00,4.657082147240797276e+00
2.649649649649649774e+00,4.681499909879502042e+00
2.653653653653653688e+00,4.706005586753964742e+00
2.657657657657657602e+00,4.730549794633382099e+00
2.661661661661661959e+00,4.755132110267102696e+00
2.665665665665665429e+00,4.779777803281635151e+00
2.669669669669669787e+00,4.804485854309596071e+00
2.673673673673673701e+00,4.829231056269758682e+00
2.677677677677677615e+00,4.854015591266629848e+00
2.681681681681681972e+00,4.878885265643027047e+00
2.685685685685685442e+00,4.903791127537926009e+00
2.689689689689689800e+00,4.928732753622694140e+00
2.693693693693693714e+00,4.953742903466346270e+00
2.697697697697697627e+00,4.978807176708315296e+00
2.701701701701701985e+00,5.003906244504540801e+00
2.705705705705705455e+00,5.029053580597875772e+00
2.709709709709709813e+00,5.054273995549452003e+00
2.713713713713713727e+00,5.079528230162892122e+00
2.717717717717717640e+00,5.104815862536585591e+00
2.721721721721721998e+00,5.130186317523723005e+00
2.725725725725725468e+00,5.155593424744513875e+00
2.729729729729729826e+00,5.181032950546454074e+00
2.733733733733733740e+00,5.206538820328342254e+00
2.737737737737737653e+00,5.232096487804203555e+00
2.741741741741742011e+00,5.257685590747873228e+00
2.745745745745745481e+00,5.283326128449402859e+00
2.749749749749749839e+00,5.309032026858601760e+00
2.753753753753753752e+00,5.334768374231789068e+00
2.757757757757757666e+00,5.360542815751121459e+00
2.761761761761762024e+00,5.386394599984595466e+00
2.765765765765765494e+00,5.412275843818842525e+00
2.769769769769769852e+00,5.438186130574152344e+00
2.773773773773773765e+00,5.464178718353912778e+00
2.777777777777777679e+00,5.490202496614810634e+00
2.781781781781782037e+00,5.516254327623099307e+00
2.785785785785785507e+00,5.542378848841546635e+00
2.789789789789789864e+00,5.568542786594341543e+00
2.793793793793793778e+00,5.594733785367964174e+00
2.797797797797797692e+00,5.620989416590855825e+00
2.801801801801802050e+00,5.647291127182362480e+00
2.805805805805805520e+00,5.673618906043635057e+00
2.809809809809809877e+00,5.700004807604700297e+00
2.813813813813813791e+00,5.726441893822805440e+00
2.817817817817817705e+00,5.752904055059366861e+00
2.821821821821822063e+00,5.779419371307729314e+00
2.825825825825825532e+00,5.805989426555179023e+00
2.829829829829829890e+00,5.832583563589074593e+00
2.833833833833833804e+00,5.859227423128906764e+00
2.837837837837837718e+00,5.885928032580369340e+00
2.841841841841842076e+00,5.912651731121946419e+00
2.845845845845845545e+00,5.939423247061669464e+00
2.849849849849849903e+00,5.966251988819390562e+00
2.853853853853853817e+00,5.993102828019334360e+00
2.857857857857857731e+00,6.020001098229439407e+00
2.861861861861862089e+00,6.046955544471626531e+00
2.865865865865865558e+00,6.073931098062644196e+00
2.869869869869869916e+00,6.100955205430682149e+00
2.873873873873873830e+00,6.128032923549596056e+00
2.877877877877877744e+00,6.155130760980319415e+00
2.881881881881882101e+00,6.182279773674307144e+00
2.885885885885885571e+00,6.209478327408700871e+00
2.889889889889889929e+00,6.236696014969230539e+00
2.893893893893893843e+00,6.263968986699453012e+00
2.897897897897897757e+00,6.291285937254141203e+00
2.901901901901902114e+00,6.318621039195260636e+00
2.905905905905905584e+00,6.346017009505454887e+00
2.909909909909909942e+00,6.373449916671098059e+00
2.913913913913913856e+00,6.400899996303671458e+00
2.917917917917917769e+00,6.428417990809275118e+00
2.921921921921922127e+00,6.455964414051604372e+00
2.925925925925925597e+00,6.483527034846372494e+00
2.929929929929929955e+00,6.511166065538787961e+00
2.933933933933933869e+00,6.538823565095531087e+00
2.937937937937937782e+00,6.566503851243806089e+00
2.941941941941942140e+00,6.594255357284056096e+00
2.945945945945945610e+00,6.622021495239635236e+00
2.949949949949949968e+00,6.649821306407758925e+00
2.953953953953953881e+00,6.677679980720822250e+00
2.957957957957957795e+00,6.705552322069219251e+00
2.961961961961962153e+00,6.733470638131421993e+00
2.965965965965965623e+00,6.761434044024863255e+00
2.969969969969969981e+00,6.789410157722119088e+00
2.973973973973973894e+00,6.817445945915547867e+00
2.977977977977977808e+00,6.845511651244110318e+00
2.981981981981982166e+00,6.873589111237715876e+00
2.985985985985986080e+00,6.901741326457852210e+00
2.989989989989989994e+00,6.929906904658275302e+00
2.993993993993993907e+00,6.958098061794250278e+00
2.997997997997997821e+00,6.986350876002969557e+00
3.002002002002002179e+00,7.014613907104453538e+00
3.006006006006006093e+00,7.042919900055398585e+00
3.010010010010010006e+00,7.071268692653059240e+00
3.014014014014013920e+00,7.099626764272284341e+00
3.018018018018017834e+00,7.128046519086194799e+00
3.022022022022022192e+00,7.156488878648917584e+00
3.026026026026026106e+00,7.184946255924891112e+00
3.030030030030030019e+00,7.213472018394779361e+00
3.034034034034033933e+00,7.242005542623171088e+00
3.038038038038037847e+00,7.270575050378904614e+00
3.042042042042042205e+00,7.299190505136389895e+00
3.046046046046046119e+00,7.327812801817504607e+00
3.050050050050050032e+00,7.356493339129658970e+00
3.054054054054053946e+00,7.385196096335644889e+00
3.058058058058057860e+00,7.413912907739007352e+00
3.062062062062062218e+00,7.442695239657510342e+00
3.066066066066066131e+00,7.471482921029118707e+00
3.070070070070070045e+00,7.500309093253400228e+00
3.074074074074073959e+00,7.529174882694601223e+00
3.078078078078077873e+00,7.558045122408508121e+00
3.082082082082082231e+00,7.586979529441141068e+00
3.086086086086086144e+00,7.615926414331579686e+00
3.090090090090090058e+00,7.644895720517555837e+00
3.094094094094093972e+00,7.673918365978626532e+00
3.098098098098097886e+00,7.702943998098874090e+00
3.102102102102102243e+00,7.732019835850789669e+00
3.106106106106106157e+00,7.761119771112301002e+00
3.110110110110110071e+00,7.790229681846555287e+00
3.114114114114113985e+00,7.819403037133445089e+00
3.118118118118117899e+00,7.848577933759844250e+00
3.122122122122122256e+00,7.877792653896491082e+00
3.126126126126126170e+00,7.907039519819427653e+00
3.130130130130130084e+00,7.936287478812888985e+00
3.134134134134133998e+00,7.965605433099725019e+00
3.138138138138137911e+00,7.994923503094841344e+00
3.142142142142142269e+00,8.024274531413853495e+00
3.146146146146146183e+00,8.053662246958486648e+00
3.150150150150150097e+00,8.083049231795682132e+00
3.154154154154154011e+00,8.112502155583090513e+00
3.158158158158157924e+00,8.141957349719556092e+00
3.162162162162162282e+00,8.171442087700379275e+00
3.166166166166166196e+00,8.200964615587505335e+00
3.170170170170170110e+00,8.230485024218966217e+00
3.174174174174174023e+00,8.260069889429901835e+00
3.178178178178177937e+00,8.289656205373594489e+00
3.182182182182182295e+00,8.319272031731360428e+00
3.186186186186186209e+00,8.348923383374131646e+00
3.190190190190190123e+00,8.378571250306039886e+00
3.194194194194194036e+00,8.408285420521242060e+00
3.198198198198198394e+00,8.437996907642821398e+00
3.202202202202202308e+00,8.467741179862558809e+00
3.206206206206206222e+00,8.497515420129671426e+00
3.210210210210210136e+00,8.527289525283393345e+00
3.214214214214214049e+00,8.557125653129697085e+00
3.218218218218218407e+00,8.586956417144341103e+00
3.222222222222222321e+00,8.616826473032656253e+00
3.226226226226226235e+00,8.646717724818817175e+00
3.230230230230230148e+00,8.676616747349793712e+00
3.234234234234234062e+00,8.706567626745242094e+00
3.238238238238238420e+00,8.736511834195285431e+00
3.242242242242242334e+00,8.766504993421131431e+00
3.246246246246246248e+00,8.796507442070948812e+00
3.250250250250250161e+00,8.826528696736927415e+00
3.254254254254254075e+00,8.856588532419118920e+00
3.258258258258258433e+00,8.886640414957975409e+00
3.262262262262262347e+00,8.916753980578493000e+00
3.266266266266266260e+00,8.946861878105103472e+00
3.270270270270270174e+00,8.977002663557652085e+00
3.274274274274274088e+00,9.007165728471745680e+00
3.278278278278278446e+00,9.037333460112007444e+00
3.282282282282282360e+00,9.067550846970688028e+00
3.286286286286286273e+00,9.097758516121833949e+00
3.290290290290290187e+00,9.128016116432837279e+00
3.294294294294294101e+00,9.158276755735917263e+00
3.298298298298298459e+00,9.188560421690914026e+00
3.302302302302302373e+00,9.218873193003995326e+00
3.306306306306306286e+00,9.249182649655468325e+00
3.310310310310310200e+00,9.279546717273186474e+00
3.314314314314314114e+00,9.309899352117268378e+00
3.318318318318318472e+00,9.340296220136654171e+00
3.322322322322322385e+00,9.370698821402667633e+00
3.326326326326326299e+00,9.401120595511216038e+00
3.330330330330330213e+00,9.431572335488425551e+00
3.334334334334334127e+00,9.462018739717597882e+00
3.338338338338338485e+00,9.492518793387560549e+00
3.342342342342342398e+00,9.523005751038803979e+00
3.346346346346346312e+00,9.553537096672471307e+00
3.350350350350350226e+00,9.584071061606188380e+00
3.354354354354354140e+00,9.614626149550035805e+00
3.358358358358358497e+00,9.645206305400357394e+00
3.362362362362362411e+00,9.675784858945105427e+00
3.366366366366366325e+00,9.706410392273804533e+00
3.370370370370370239e+00,9.737021220286470324e+00
3.374374374374374153e+00,9.767682234937053565e+00
3.378378378378378510e+00,9.798337158952660886e+00
3.382382382382382424e+00,9.829020749035654703e+00
3.386386386386386338e+00,9.859718964888351422e+00
3.390390390390390252e+00,9.890424853227562707e+00
3.394394394394394165e+00,9.921165559900993358e+00
3.398398398398398523e+00,9.951893469256447133e+00
3.402402402402402437e+00,9.982675868942250119e+00
3.406406406406406351e+00,1.001344155251502777e+01
3.410410410410410265e+00,1.004424882018286702e+01
3.414414414414414178e+00,1.007505494822710013e+01
3.418418418418418536e+00,1.010588334508451602e+01
3.422422422422422450e+00,1.013672912979247620e+01
3.426426426426426364e+00,1.016757837846677681e+01
3.430430430430430278e+00,1.019846303544475852e+01
3.434434434434434635e+00,1.022933285858715102e+01
3.438438438438438549e+00,1.026025560690585614e+01
3.442442442442442463e+00,1.029115971768329274e+01
3.446446446446446377e+00,1.032210578945058721e+01
3.450450450450450290e+00,1.035304677796499284e+01
3.454454454454454648e+00,1.038401253197485374e+01
3.458458458458458562e+00,1.041498962796189254e+01
3.462462462462462476e+00,1.044597478705875560e+01
3.466466466466466390e+00,1.047698722390894233e+01
3.470470470470470303e+00,1.050799151103724860e+01
3.474474474474474661e+00,1.053903852584296352e+01
3.478478478478478575e+00,1.057006507424495290e+01
3.482482482482482489e+00,1.060114249766392724e+01
3.486486486486486402e+00,1.063220244714156593e+01
3.490490490490490316e+00,1.066329810719827265e+01
3.494494494494494674e+00,1.069439070610778053e+01
3.498498498498498588e+00,1.072550432625878081e+01
3.502502502502502502e+00,1.075662882682764554e+01
3.506506506506506415e+00,1.078776013070758033e+01
3.510510510510510329e+00,1.081891578907892359e+01
3.514514514514514687e+00,1.085006450051222515e+01
3.518518518518518601e+00,1.088125057678652219e+01
3.522522522522522515e+00,1.091241641980388444e+01
3.526526526526526428e+00,1.094363217808250432e+01
3.530530530530530342e+00,1.097482494286806798e+01
3.534534534534534700e+00,1.100605958536190165e+01
3.538538538538538614e+00,1.103728090932419370e+01
3.542542542542542527e+00,1.106853179532362219e+01
3.546546546546546441e+00,1.109978095457479164e+01
3.550550550550550355e+00,1.113104780907016789e+01
3.554554554554554713e+00,1.116232408387674013e+01
3.558558558558558627e+00,1.119360663210425777e+01
3.562562562562562540e+00,1.122490930690219102e+01
3.566566566566566454e+00,1.125620727441059898e+01
3.570570570570570368e+00,1.128753563786127501e+01
3.574574574574574726e+00,1.131884875050072914e+01
3.578578578578578639e+00,1.135020209551282733e+01
3.582582582582582553e+00,1.138153011160944850e+01
3.586586586586586467e+00,1.141290770322835435e+01
3.590590590590590381e+00,1.144425963483336695e+01
3.594594594594594739e+00,1.147565148904851107e+01
3.598598598598598652e+00,1.150702664171018341e+01
3.602602602602602566e+00,1.153843248570719027e+01
3.606606606606606480e+00,1.156983016934135300e+01
3.610610610610610394e+00,1.160124973069475907e+01
3.614614614614614752e+00,1.163266925963108633e+01
3.618618618618618665e+00,1.166410226630060087e+01
3.622622622622622579e+00,1.169554295930107024e+01
3.626626626626626493e+00,1.172698913965101042e+01
3.630630630630630407e+00,1.175845031994278855e+01
3.634634634634634764e+00,1.178990940275284061e+01
3.638638638638638678e+00,1.182139039805660907e+01
3.642642642642642592e+00,1.185286211253675326e+01
3.646646646646646506e+00,1.188436225509483535e+01
3.650650650650650419e+00,1.191584633089736833e+01
3.654654654654654777e+00,1.194736495750012573e+01
3.658658658658658691e+00,1.197886112473238995e+01
3.662662662662662605e+00,1.201039757674442221e+01
3.666666666666666519e+00,1.204190556598178397e+01
3.670670670670670432e+00,1.207345918936651685e+01
3.674674674674674790e+00,1.210498371214084301e+01
3.678678678678678704e+00,1.213654887700828588e+01
3.682682682682682618e+00,1.216808960757843217e+01
3.686686686686686532e+00,1.219966572645057568e+01
3.690690690690690445e+00,1.223122202421961369e+01
3.694694694694694803e+00,1.226280882964701213e+01
3.698698698698698717e+00,1.229438005869548789e+01
3.702702702702702631e+00,1.232597728375977830e+01
3.706706706706706544e+00,1.235756281286759339e+01
3.710710710710710902e+00,1.238917019118978935e+01
3.714714714714714816e+00,1.242076939385388279e+01
3.718718718718718730e+00,1.245238665960857283e+01
3.722722722722722644e+00,1.248399891406383766e+01
3.726726726726726557e+00,1.251562580199005659e+01
3.730730730730730915e+00,1.254725049122695957e+01
3.734734734734734829e+00,1.257888673663950208e+01
3.738738738738738743e+00,1.261052324842072814e+01
3.742742742742742657e+00,1.264216858721979975e+01
3.746746746746746570e+00,1.267381631409899256e+01
3.750750750750750928e+00,1.270547048278815261e+01
3.754754754754754842e+00,1.273712882212473119e+01
3.758758758758758756e+00,1.276879155781183783e+01
3.762762762762762669e+00,1.280045991178316278e+01
3.766766766766766583e+00,1.283213095219705480e+01
3.770770770770770941e+00,1.286380872781577089e+01
3.774774774774774855e+00,1.289548781131706257e+01
3.778778778778778769e+00,1.292717442044375709e+01
3.782782782782782682e+00,1.295886128603430798e+01
3.786786786786786596e+00,1.299055614538971604e+01
3.790790790790790954e+00,1.302225053272358934e+01
3.794794794794794868e+00,1.305395306390018284e+01
3.798798798798798781e+00,1.308565471329327146e+01
3.802802802802802695e+00,1.311736434276616059e+01
3.806806806806806609e+00,1.314907299520701578e+01
3.810810810810810967e+00,1.318078915434428744e+01
3.814814814814814881e+00,1.321250455150400605e+01
3.818818818818818794e+00,1.324422667657602126e+01
3.822822822822822708e+00,1.327594856081820573e+01
3.826826826826826622e+00,1.330767609300621679e+01
3.830830830830830980e+00,1.333940420739674693e+01
3.834834834834834894e+00,1.337113659280075240e+01
3.838838838838838807e+00,1.340287068111749313e+01
3.842842842842842721e+00,1.343460737076240186e+01
3.846846846846846635e+00,1.346634717750283095e+01
3.850850850850850993e+00,1.349808762735054124e+01
3.854854854854854906e+00,1.352983289775502307e+01
3.858858858858858820e+00,1.356157656869905814e+01
3.862862862862862734e+00,1.359332704872130648e+01
3.866866866866866648e+00,1.362507340659531430e+01
3.870870870870871006e+00,1.365682884296461985e+01
3.874874874874874919e+00,1.368857735855885238e+01
3.878878878878878833e+00,1.372033749875178898e+01
3.882882882882882747e+00,1.375208764780116688e+01
3.886886886886886661e+00,1.378385224006292020e+01
3.890890890890891018e+00,1.381560350325668907e+01
3.894894894894894932e+00,1.384737229660970570e+01
3.898898898898898846e+00,1.387912415959207202e+01
3.902902902902902760e+00,1.391089690383884125e+01
3.906906906906906674e+00,1.394264885720834712e+01
3.910910910910911031e+00,1.397442530294880747e+01
3.914914914914914945e+00,1.400617684226414461e+01
3.918918918918918859e+00,1.403795674089750811e+01
3.922922922922922773e+00,1.406970736667307342e+01
3.926926926926926686e+00,1.410149047040872006e+01
3.930930930930931044e+00,1.413324118371456883e+01
3.934934934934934958e+00,1.416502574997988795e+01
3.938938938938938872e+00,1.419677948428991421e+01
3.942942942942942786e+00,1.422856184388879619e+01
3.946946946946947143e+00,1.426031835304958229e+01
3.950950950950951057e+00,1.429209802220013614e+01
3.954954954954954971e+00,1.432385706089050359e+01
3.958958958958958885e+00,1.435563356076988129e+01
3.962962962962962798e+00,1.438739488450874582e+01
3.966966966966967156e+00,1.441916774124969969e+01
3.970970970970971070e+00,1.445093110640346801e+01
3.974974974974974984e+00,1.448269985109053870e+01
3.978978978978978898e+00,1.451446501488089069e+01
3.982982982982982811e+00,1.454622918354681538e+01
3.986986986986987169e+00,1.457799590405998913e+01
3.990990990990991083e+00,1.460975503767550698e+01
3.994994994994994997e+00,1.464152307385492691e+01
3.998998998998998911e+00,1.467327671832784652e+01
4.003003003003002824e+00,1.470504583001645749e+01
4.007007007007007182e+00,1.473679353619271204e+01
4.011011011011010652e+00,1.476856348409566522e+01
4.015015015015015010e+00,1.480030480773109502e+01
4.019019019019019368e+00,1.483207535345316508e+01
4.023023023023022837e+00,1.486381426307766596e+01
4.027027027027027195e+00,1.489558076126501440e+01
4.031031031031030665e+00,1.492732009372781299e+01
4.035035035035035023e+00,1.495907903651647253e+01
4.039039039039039380e+00,1.499081855520796047e+01
4.043043043043042850e+00,1.502256951400254081e+01
4.047047047047047208e+00,1.505430898322127575e+01
4.051051051051050678e+00,1.508605153432211488e+01
4.055055055055055035e+00,1.511779071928139295e+01
4.059059059059059393e+00,1.514952444387378705e+01
4.063063063063062863e+00,1.518126311070554557e+01
4.067067067067067221e+00,1.521298759485098451e+01
4.071071071071070691e+00,1.524472551061932712e+01
4.075075075075075048e+00,1.527644034524474215e+01
4.079079079079079406e+00,1.530817727793637850e+01
4.083083083083082876e+00,1.533988307308786858e+01
4.087087087087087234e+00,1.537161777737194690e+01
4.091091091091090703e+00,1.540332242055629308e+01
4.095095095095095061e+00,1.543504637942669433e+01
4.099099099099099419e+00,1.546674964049774026e+01
4.103103103103102889e+00,1.549846246037125752e+01
4.107107107107107247e+00,1.553016411013692810e+01
4.111111111111110716e+00,1.556186540225223780e+01
4.115115115115115074e+00,1.559356521247479144e+01
4.119119119119119432e+00,1.562525459287837570e+01
4.123123123123122902e+00,1.565695233627848459e+01
4.127127127127127260e+00,1.568862942581062292e+01
4.131131131131130729e+00,1.572032487607412321e+01
4.135135135135135087e+00,1.575198962112550305e+01
4.139139139139139445e+00,1.578368223213714749e+01
4.143143143143142915e+00,1.581534452051909057e+01
4.147147147147147273e+00,1.584702381048198028e+01
4.151151151151150742e+00,1.587868341780222181e+01
4.155155155155155100e+00,1.591034902285143282e+01
4.159159159159159458e+00,1.594200572569605079e+01
4.163163163163162928e+00,1.597365728670462204e+01
4.167167167167167285e+00,1.600531086264107827e+01
4.171171171171170755e+00,1.603694802520537976e+01
4.175175175175175113e+00,1.606859825279377674e+01
4.179179179179179471e+00,1.610022066721725409e+01
4.183183183183182940e+00,1.613186732600382101e+01
4.187187187187187298e+00,1.616348370814498026e+01
4.191191191191190768e+00,1.619511751780423836e+01
4.195195195195195126e+00,1.622673017312715160e+01
4.199199199199199484e+00,1.625834826940113587e+01
4.203203203203202953e+00,1.628995697942545817e+01
4.207207207207207311e+00,1.632155902765758171e+01
4.211211211211210781e+00,1.635316357490589567e+01
4.215215215215215139e+00,1.638474924507844221e+01
4.219219219219219497e+00,1.641634941308129569e+01
4.223223223223223854e+00,1.644791960700517919e+01
4.227227227227227324e+00,1.647951395309522482e+01
4.231231231231230794e+00,1.651107961342053798e+01
4.235235235235235152e+00,1.654265665970893906e+01
4.239239239239239510e+00,1.657421757196675927e+01
4.243243243243243867e+00,1.660577700328268591e+01
4.247247247247247337e+00,1.663733295401584300e+01
4.251251251251250807e+00,1.666887445975518389e+01
4.255255255255255165e+00,1.670042523653338051e+01
4.259259259259259522e+00,1.673194851063815847e+01
4.263263263263263880e+00,1.676349390205384893e+01
4.267267267267267350e+00,1.679500968033078578e+01
4.271271271271270820e+00,1.682653843866280496e+01
4.275275275275275177e+00,1.685804868193521244e+01
4.279279279279279535e+00,1.688955833997985323e+01
4.283283283283283893e+00,1.692106283886774776e+01
4.287287287287287363e+00,1.695255310514015434e+01
4.291291291291290833e+00,1.698405165129743111e+01
4.295295295295295190e+00,1.701552223877631675e+01
4.299299299299299548e+00,1.704701462489348884e+01
4.303303303303303906e+00,1.707847769531072046e+01
4.307307307307307376e+00,1.710995127080503764e+01
4.311311311311310845e+00,1.714140803530377255e+01
4.315315315315315203e+00,1.717286110564164048e+01
4.319319319319319561e+00,1.720431135895956842e+01
4.323323323323323919e+00,1.723574365145402965e+01
4.327327327327327389e+00,1.726718718937214447e+01
4.331331331331330858e+00,1.729860164655739752e+01
4.335335335335335216e+00,1.733003505505736541e+01
4.339339339339339574e+00,1.736144265374787565e+01
4.343343343343343932e+00,1.739285448993445371e+01
4.347347347347347402e+00,1.742425502797339121e+01
4.351351351351350871e+00,1.745564503330383488e+01
4.355355355355355229e+00,1.748703830958055860e+01
4.359359359359359587e+00,1.751840622981988460e+01
4.363363363363363945e+00,1.754979204427044337e+01
4.367367367367367414e+00,1.758114907099446000e+01
4.371371371371370884e+00,1.761251578309949295e+01
4.375375375375375242e+00,1.764386520873867781e+01
4.379379379379379600e+00,1.767520908244288691e+01
4.383383383383383958e+00,1.770655070900418337e+01
4.387387387387387427e+00,1.773787150394639411e+01
4.391391391391390897e+00,1.776920513450883377e+01
4.395395395395395255e+00,1.780051020855735899e+01
4.399399399399399613e+00,1.783182805323720288e+01
4.403403403403403971e+00,1.786312499482394500e+01
4.407407407407407440e+00,1.789441903842193327e+01
4.411411411411410910e+00,1.792570765270716038e+01
4.415415415415415268e+00,1.795697766852732968e+01
4.419419419419419626e+00,1.798825776172942170e+01
4.423423423423423984e+00,1.801950952792451233e+01
4.427427427427427453e+00,1.805077490661523498e+01
4.431431431431430923e+00,1.808201801809970632e+01
4.435435435435435281e+00,1.811325867726631245e+01
4.439439439439439639e+00,1.814449294234668031e+01
4.443443443443443996e+00,1.817570866873609248e+01
4.447447447447447466e+00,1.820693389678525875e+01
4.451451451451450936e+00,1.823813102563779509e+01
4.455455455455455294e+00,1.826934048266403110e+01
4.459459459459459651e+00,1.830052844369450327e+01
4.463463463463464009e+00,1.833171230633455195e+01
4.467467467467467479e+00,1.836289091100860915e+01
4.471471471471470949e+00,1.839404897922563009e+01
4.475475475475475307e+00,1.842521804007778030e+01
4.479479479479479664e+00,1.845635922785593053e+01
4.483483483483484022e+00,1.848750944845169997e+01
4.487487487487487492e+00,1.851864096445905616e+01
4.491491491491490962e+00,1.854976475870640229e+01
4.495495495495495319e+00,1.858088641757441195e+01
4.499499499499499677e+00,1.861198359841866790e+01
4.503503503503504035e+00,1.864309521584784690e+01
4.507507507507507505e+00,1.867417918464646220e+01
4.511511511511510975e+00,1.870526699289895234e+01
4.515515515515515332e+00,1.873634079515628770e+01
4.519519519519519690e+00,1.876740138729440943e+01
4.523523523523524048e+00,1.879846484080998437e+01
4.527527527527527518e+00,1.882950081062055503e+01
4.531531531531530987e+00,1.886055096616361482e+01
4.535535535535535345e+00,1.889157646394858858e+01
4.539539539539539703e+00,1.892259882066701948e+01
4.543543543543544061e+00,1.895361366632564071e+01
4.547547547547547531e+00,1.898460805863622269e+01
4.551551551551551000e+00,1.901561207313496382e+01
4.555555555555555358e+00,1.904658882536200437e+01
4.559559559559559716e+00,1.907757134460117143e+01
4.563563563563564074e+00,1.910853714523628000e+01
4.567567567567567544e+00,1.913949114575799371e+01
4.571571571571571013e+00,1.917044581786442947e+01
4.575575575575575371e+00,1.920137339023259671e+01
4.579579579579579729e+00,1.923231451412975446e+01
4.583583583583584087e+00,1.926323083935345082e+01
4.587587587587587556e+00,1.929414290966942858e+01
4.591591591591591026e+00,1.932504781291325457e+01
4.595595595595595384e+00,1.935593068484472568e+01
4.599599599599599742e+00,1.938682399233914566e+01
4.603603603603604100e+00,1.941769041855326705e+01
4.607607607607607569e+00,1.944855906375589427e+01
4.611611611611611039e+00,1.947941377844874822e+01
4.615615615615615397e+00,1.951025271795453264e+01
4.619619619619619755e+00,1.954109554944976068e+01
4.623623623623624113e+00,1.957191165984006531e+01
4.627627627627627582e+00,1.960273542805157376e+01
4.631631631631631052e+00,1.963353954128639600e+01
4.635635635635635410e+00,1.966433311535622863e+01
4.639639639639639768e+00,1.969512506185131429e+01
4.643643643643644126e+00,1.972589044638795386e+01
4.647647647647647595e+00,1.975666792828166507e+01
4.651651651651651065e+00,1.978742103393319596e+01
4.655655655655655423e+00,1.981816785187028529e+01
4.659659659659659781e+00,1.984890851113846111e+01
4.663663663663664138e+00,1.987962454842582716e+01
4.667667667667667608e+00,1.991035259488019449e+01
4.671671671671671078e+00,1.994105429359589365e+01
4.675675675675675436e+00,1.997175300652046914e+01
4.679679679679679793e+00,2.000244198310154431e+01
4.683683683683684151e+00,2.003310947187685187e+01
4.687687687687687621e+00,2.006378556197263663e+01
4.691691691691691091e+00,2.009443546116655099e+01
4.695695695695695449e+00,2.012508476151620940e+01
4.699699699699699806e+00,2.015572166670724741e+01
4.703703703703704164e+00,2.018633931743380217e+01
4.707707707707707634e+00,2.021696306634774132e+01
4.711711711711711104e+00,2.024756078019038696e+01
4.715715715715715461e+00,2.027815940121433513e+01
4.719719719719719819e+00,2.030874385305978436e+01
4.723723723723724177e+00,2.033931041676593665e+01
4.727727727727727647e+00,2.036988144641216181e+01
4.731731731731731116e+00,2.040042659581855489e+01
4.735735735735735474e+00,2.043097331106854497e+01
4.739739739739739832e+00,2.046150493435081330e+01
4.743743743743744190e+00,2.049201920211890027e+01
4.747747747747747660e+00,2.052253714113540184e+01
4.751751751751751129e+00,2.055302935375138418e+01
4.755755755755755487e+00,2.058352297655918406e+01
4.759759759759759845e+00,2.061400140277525495e+01
4.763763763763764203e+00,2.064446220521622877e+01
4.767767767767767673e+00,2.067492668894853480e+01
4.771771771771771142e+00,2.070536559913429286e+01
4.775775775775775500e+00,2.073580498209446432e+01
4.779779779779779858e+00,2.076622984944511074e+01
4.783783783783784216e+00,2.079663605618031852e+01
4.787787787787787686e+00,2.082704672666347179e+01
4.791791791791791155e+00,2.085743197547554217e+01
4.795795795795795513e+00,2.088781600991888254e+01
4.799799799799799871e+00,2.091818696328823179e+01
4.803803803803804229e+00,2.094853748242095648e+01
4.807807807807807698e+00,2.097889398835871688e+01
4.811811811811811168e+00,2.100922522352899691e+01
4.815815815815815526e+00,2.103955283899222550e+01
4.819819819819819884e+00,2.106986952992603790e+01
4.823823823823824242e+00,2.110016330751031788e+01
4.827827827827827711e+00,2.113046530425431158e+01
4.831831831831831181e+00,2.116074218016910535e+01
4.835835835835835539e+00,2.119101234386218380e+01
4.839839839839839897e+00,2.122127443054438700e+01
4.843843843843844255e+00,2.125151149172307896e+01
4.847847847847847724e+00,2.128175759957503033e+01
4.851851851851851194e+00,2.131197977725003057e+01
4.855855855855855552e+00,2.134219149352069067e+01
4.859859859859859910e+00,2.137239864075007745e+01
4.863863863863864268e+00,2.140258091077078006e+01
4.867867867867867737e+00,2.143276789340650268e+01
4.871871871871871207e+00,2.146293504046184708e+01
4.875875875875875565e+00,2.149308735025737960e+01
4.879879879879879923e+00,2.152323922942147760e+01
4.883883883883884280e+00,2.155336637872495587e+01
4.887887887887887750e+00,2.158349329754045698e+01
4.891891891891891220e+00,2.161360508817350023e+01
4.895895895895895578e+00,2.164369706849927866e+01
4.899899899899899935e+00,2.167379335754197101e+01
4.903903903903904293e+00,2.170386506313161590e+01
4.907907907907907763e+00,2.173393101529769922e+01
4.911911911911911233e+00,2.176398713025315956e+01
4.915915915915915591e+00,2.179401875458463067e+01
4.919919919919919948e+00,2.182405827702966050e+01
4.923923923923924306e+00,2.185407422244792031e+01
4.927927927927927776e+00,2.188407834037023747e+01
4.931931931931931246e+00,2.191407846691198813e+01
4.935935935935935603e+00,2.194405424763931478e+01
4.939939939939939961e+00,2.197403132956787886e+01
4.943943943943944319e+00,2.200399120486058280e+01
4.947947947947947789e+00,2.203393265563223125e+01
4.951951951951951258e+00,2.206387648750897412e+01
4.955955955955955616e+00,2.209379611745796623e+01
4.959959959959959974e+00,2.212370994541043956e+01
4.963963963963964332e+00,2.215361344709539182e+01
4.967967967967967802e+00,2.218349283791161142e+01
4.971971971971972160e+00,2.221337866936398697e+01
4.975975975975975629e+00,2.224324184781715985e+01
4.979979979979979987e+00,2.227309164219172644e+01
4.983983983983984345e+00,2.230293847322512590e+01
4.987987987987987815e+00,2.233276133571063937e+01
4.991991991991992172e+00,2.236258257656743353e+01
4.995995995995995642e+00,2.239238900923174569e+01
5.000000000000000000e+00,2.242217402373896462e+01
